1760 6.993000
1761 9.055000
1762 8.276500
1763 7.475000
1764 8.239417
1765 8.494917
1766 8.411167
1767 8.316833
1768 6.658167
1769 7.998333
1770 7.215917
1771 8.037500
1772 7.944333
1773 8.256583
1774 9.170583
1775 9.101917
1776 7.992583
1777 8.419083
1778 8.622750
1779 8.969250
1780 9.406667
1781 8.043917
1782 8.015167
1783 7.655583
1784 7.762750
1785 7.491500
1786 8.353083
1787 7.943333
1788 8.492500
1789 8.180250
1790 8.011000
1791 8.170000
1792 8.100500
1793 8.341750
1794 8.452583
1795 8.379083
1796 8.380500
1797 8.342583
1798 8.774250
1799 8.384083
1800 8.452833
1801 8.530167
1802 8.719583
1803 8.549167
1804 8.853417
1805 8.401583
1806 8.448167
1807 8.245417
1808 7.921333
1809 6.977250
1810 6.874083
1811 6.816667
1812 7.198417
1813 7.671333
1814 7.286917
1815 7.623333
1816 6.959417
1817 7.041333
1818 7.634167
1819 7.424583
1820 7.663667
1821 7.969750
1822 8.329667
1823 7.639500
1824 8.288417
1825 8.559250
1826 8.203333
1827 8.988250
1828 8.146083
1829 7.983583
1830 8.347667
1831 7.823833
1832 7.573750
1833 7.865000
1834 8.102250
1835 7.550333
1836 7.557333
1837 7.423583
1838 7.487583
1839 7.760500
1840 7.726667
1841 7.634917
1842 7.924250
1843 8.170750
1844 7.802500
1845 7.864083
1846 8.382750
1847 8.256833
1848 7.948417
1849 7.999083
1850 7.827333
1851 8.150500
1852 8.046417
1853 8.119083
1854 8.160583
1855 8.214333
1856 7.898667
1857 7.747000
1858 8.189500
1859 8.175250
1860 8.105083
1861 7.741500
1862 7.664500
1863 8.026167
1864 8.015667
1865 8.146167
1866 8.166667
1867 8.454250
1868 8.297333
1869 8.485250
1870 8.241167
1871 8.037167
1872 8.238500
1873 8.249500
1874 8.470083
1875 7.921417
1876 8.119333
1877 8.472750
1878 8.800750
1879 8.233000
1880 8.071417
1881 8.263417
1882 8.211500
1883 7.888917
1884 7.793083
1885 7.868333
1886 7.966333
1887 7.967167
1888 8.061583
1889 8.329250
1890 7.982500
1891 7.966583
1892 8.121417
1893 8.038417
1894 8.162833
1895 8.119583
1896 8.227417
1897 8.305083
1898 8.158333
1899 8.429833
1900 8.447417
1901 8.568583
1902 8.356250
1903 8.204750
1904 8.051250
1905 8.226833
1906 8.345167
1907 8.014250
1908 8.176500
1909 8.165583
1910 8.267917
1911 8.118167
1912 8.192167
1913 8.211583
1914 8.632417
1915 8.590417
1916 8.335000
1917 8.029083
1918 8.080750
1919 8.350917
1920 8.408333
1921 8.484833
1922 8.407667
1923 8.404417
1924 8.539750
1925 8.458333
1926 8.814833
1927 8.530333
1928 8.581667
1929 8.350917
1930 8.528583
1931 8.702917
1932 8.746917
1933 8.373500
1934 8.554917
1935 8.562583
1936 8.512500
1937 8.735250
1938 8.861000
1939 8.639583
1940 8.833417
1941 8.804250
1942 8.708583
1943 8.731083
1944 8.911583
1945 8.607833
1946 8.678917
1947 8.753583
1948 8.760500
1949 8.590250
1950 8.358667
1951 8.559000
1952 8.694000
1953 8.845500
1954 8.597250
1955 8.647333
1956 8.255250
1957 8.671667
1958 8.815917
1959 8.737000
1960 8.543000
1961 8.860917
1962 8.709250
1963 8.871833
1964 8.434000
1965 8.501750
1966 8.631333
1967 8.655667
1968 8.572583
1969 8.514250
1970 8.758333
1971 8.570417
1972 8.507000
1973 8.943750
1974 8.491000
1975 8.735083
1976 8.346083
1977 8.844583
1978 8.693500
1979 8.661750
1980 9.029000
1981 9.123917
1982 8.655167
1983 9.069667
1984 8.745500
1985 8.608000
1986 8.836417
1987 8.932917
1988 9.212083
1989 8.916417
1990 9.234583
1991 9.209917
1992 8.835250
1993 8.869917
1994 9.032250
1995 9.346250
1996 9.022083
1997 9.194917
1998 9.501667
1999 9.293750
2000 9.259667
2001 9.360917
2002 9.609500
2003 9.434333
2004 9.397583
2005 9.649167
2006 9.523417
2007 9.770833
2008 9.443250
2009 9.511500
2010 9.704583
2011 9.485750
2012 9.553417
2013 9.554667
2014 9.560167
2015 9.775333
