1760 0.000000 0.000000
1761 0.000000 0.000000
1762 0.000000 0.000000
1763 0.000000 0.000000
1764 0.000000 0.000000
1765 0.000000 0.000000
1766 0.000000 0.000000
1767 0.000000 0.000000
1768 0.000000 0.000000
1769 0.000000 0.000000
1770 0.000000 0.000000
1771 0.000000 0.000000
1772 0.000000 0.000000
1773 0.000000 0.000000
1774 0.000000 0.000000
1775 0.000000 0.000000
1776 0.000000 0.000000
1777 0.000000 0.000000
1778 0.000000 0.000000
1779 0.000000 0.000000
1780 0.000000 0.000000
1781 0.000000 0.000000
1782 0.000000 0.000000
1783 0.000000 0.000000
1784 0.000000 0.000000
1785 0.000000 0.000000
1786 0.000000 0.000000
1787 0.000000 0.000000
1788 0.000000 0.000000
1789 0.000000 0.000000
1790 0.000000 0.000000
1791 0.000000 0.000000
1792 0.000000 0.000000
1793 0.000000 0.000000
1794 0.000000 0.000000
1795 0.000000 0.000000
1796 0.000000 0.000000
1797 0.000000 0.000000
1798 0.000000 0.000000
1799 0.000000 0.000000
1800 0.000000 0.000000
1801 0.000000 0.000000
1802 0.000000 0.000000
1803 0.000000 0.000000
1804 0.000000 0.000000
1805 0.000000 0.000000
1806 0.000000 0.000000
1807 0.000000 0.000000
1808 0.000000 0.000000
1809 0.000000 0.000000
1810 0.000000 0.000000
1811 0.000000 0.000000
1812 0.000000 0.000000
1813 0.000000 0.000000
1814 0.000000 0.000000
1815 0.000000 0.000000
1816 0.000000 0.000000
1817 0.000000 0.000000
1818 0.000000 0.000000
1819 0.000000 0.000000
1820 0.000000 0.000000
1821 0.000000 0.000000
1822 0.000000 0.000000
1823 0.000000 0.000000
1824 0.000000 0.000000
1825 0.000000 0.000000
1826 0.000000 0.000000
1827 0.000000 0.000000
1828 0.000000 0.000000
1829 0.000000 0.000000
1830 0.000000 0.000000
1831 0.000000 0.000000
1832 0.000000 0.000000
1833 0.000000 0.000000
1834 0.000000 0.000000
1835 0.000000 0.000000
1836 0.000000 0.000000
1837 0.000000 0.000000
1838 0.000000 0.000000
1839 0.000000 0.000000
1840 0.000000 0.000000
1841 0.000000 0.000000
1842 0.000000 0.000000
1843 0.000000 0.000000
1844 0.000000 0.000000
1845 0.000000 0.000000
1846 0.000000 0.000000
1847 0.000000 0.000000
1848 0.000000 0.000000
1849 0.000000 0.000000
1850 0.000000 0.000000
1851 8.000000 0.000000
1852 8.000000 0.000000
1853 8.000000 0.000000
1854 8.000000 0.000000
1855 8.000000 0.000000
1856 8.000000 0.000000
1857 8.000000 0.000000
1858 8.000000 0.000000
1859 8.000000 0.000000
1860 8.000000 0.000000
1861 8.000000 0.000000
1862 8.000000 0.000000
1863 8.000000 0.000000
1864 8.000000 0.000000
1865 8.000000 0.000000
1866 7.000000 0.000000
1867 8.000000 0.000000
1868 8.000000 0.000000
1869 8.000000 0.000000
1870 8.000000 0.000000
1871 8.000000 0.000000
1872 8.000000 0.000000
1873 8.000000 0.000000
1874 7.000000 0.000000
1875 8.000000 0.000000
1876 8.000000 0.000000
1877 8.000000 0.000000
1878 8.000000 0.000000
1879 8.000000 0.000000
1880 8.000000 0.000000
1881 8.000000 0.000000
1882 8.000000 0.000000
1883 8.000000 0.000000
1884 8.000000 0.000000
1885 8.000000 0.000000
1886 7.000000 0.000000
1887 8.000000 0.000000
1888 8.000000 0.000000
1889 8.000000 0.000000
1890 8.000000 0.000000
1891 8.000000 0.000000
1892 8.000000 0.000000
1893 8.000000 0.000000
1894 8.000000 0.000000
1895 8.000000 0.000000
1896 8.000000 0.000000
1897 8.000000 0.000000
1898 8.000000 0.000000
1899 8.000000 0.000000
1900 8.000000 0.000000
1901 8.000000 0.000000
1902 8.000000 0.000000
1903 8.000000 0.000000
1904 8.000000 0.000000
1905 8.000000 0.000000
1906 8.000000 0.000000
1907 8.000000 0.000000
1908 9.000000 0.000000
1909 8.000000 0.000000
1910 8.000000 0.000000
1911 8.000000 0.000000
1912 9.000000 0.000000
1913 9.000000 0.000000
1914 9.000000 0.000000
1915 9.000000 0.000000
1916 9.000000 0.000000
1917 9.000000 0.000000
1918 9.000000 0.000000
1919 9.000000 0.000000
1920 9.000000 0.000000
1921 9.000000 0.000000
1922 9.000000 0.000000
1923 9.000000 0.000000
1924 9.000000 0.000000
